10399034104
1098492468
11482878789
11803010673
1262591181
12664236183
13209290663
13855834454
13947686164
14033252580
14151606159
14204061221
14298522118
14524300647
15720234895
15721606240
16850922340
17097718744
17145429585
18084935361
18227713002
18274855896
18470581648
18483646005
18659058259
1878246941
18956857609
19259313601
19285891185
19701544778
19829143852
19876240780
20077688501
20120314751
20452649461
20520579981
20688586306
20780919672
21286423969
215033313
21650286130
21790865800
22051433666
22146564024
22180161528
22348103846
22403637393
22587982429
22732387300
22754099170
22757872273
22772237316
22956138052
23203332150
23303139117
23372428019
23383899202
23446007121
23654385366
23678647791
23742759982
23772483005
24034849831
24093731584
24131772346
24133125396
24240277068
24360295261
24371486628
24501498078
24594714408
24633068166
24724645710
24725865886
24737623111
24876567468
25256264160
25294615650
25364862743
25472120862
25633794916
25719996810
25727254617
25755237489
25836927872
25876604242
25985499564
26004040393
26109508505
26201939192
26277994243
26367733381
26455785842
26650560385
26663839295
26762221322
26807989520
26866392814
2701760079
27077224231
27082691543
27153972117
27165978214
27503150282
27508427626
27605235953
27634263552
27761672450
27881523032
2796681868
27983570323
28025832420
28050215822
28066997858
28125896751
28201793901
28206109884
28259381625
28526243756
28563404633
28756663780
28758853686
28774858883
28806000348
28907981683
28968016542
28979758342
29003801553
29016461823
29107985891
29186180674
29334521941
29434056601
29456780984
29576456182
29612568094
29637944178
29789604981
29889620594
3631432956
3716295861
40054813941
40572239770
41001801486
41203465392
41252184993
41461103269
41570134251
41605169607
41610542940
41851384126
42116856848
42651523335
42716947373
42800831749
42853622441
43107643436
43303151087
4359185579
43704648642
44051776811
5053286414
50851547414
51352192507
528815483
55052056573
55800107965
5934995356
626783853
7239096687
7770138577
797396150
9212287938
28758853686
26201939192
21790865800
29430646417
18713001219
23676159540
55403367924
44070992253
29582840537
43500266828
18182602595
26341015142
50401213226
43705276672
17839607171
26291541888
44073401898
42018624529
41161815001
28535257946
28651940139
27019945078
14931488923
28923973028
27462017608
41901415423
21946068385
27907519388
28079291365
40950505237
42568139797
23931973456
53601725969
22144413283
26011244568
24834226057
28642372477
29633783059
44110612117
23973699411
25145187599
25434303278
29138140511
43723100860
26917278576
26004227707
24662680665
18996631377
26975373708
27830002465
3786083729
42055832215
25164569056
9961243109
46751728129
29128772190
23523021247
23573148502
18827368732
20091885439
40414703126
24464336178
26174621935
2967388778
23380827333
40907148032
25516390355
21308951845
42863193383
41702198327
26075192087
44005590291
27203091829
29465754791
43105286265
43910616021
42113907511
18873917120
41619034637
26263570875
41653941121
27966485431
43155472584
26207139505
24155667111
24071013052
24915490365
29977341511
29128419080
29529286326
27886052162
28111165186
17799093460
26715879649
29618811509
24587716151
6854891565
28435017332
43452959335
42664500548
18970333742
26463348271
24078737114
26116599300
1395339554
18017883956
13733019969
5265357101
29814260587
25406797466
25693781034
27585967855
28229396598
24206488104
29162922845
23864854260
26466856819
28232531300
27485375511
27964377017
22443850261
15599784794
27609237748
46604073558
26206940552
23683608909
51852385266
26369432288
22237455668
29413354621
44251545818
27605432851
28620422942
21295717720
17762733341
26136932732
22660816952
19378830433
27657802789
54553268597
41753174131
41705956403
22746934671
26036026100
27158203603
20824073646
24351895764
23539437907
27433803956
25859269971
29150111504
54001592678
26681453852
12194931649
27527056906
25741813879
43276781728
10855844419
41110982547
21087418151
21765913376
25576585372
50601646263
43453449749
28109004621
26815880149
29232681936
26975679140
28308889039
27236106096
25297740913
27043187652
25210005207
24255606799
13848180025
17199676407
10129234901
26811293624
23733830037
43576893890
22538177990
23372997945
12330861456
21942434456
24334399496
26304841357
43113816715
41668013819
24701436006
21588595247
41775109267
2402536429
27461984567
26726166159
12396197388
23935021480
28136031585
27004304279
5815431194
27024652886
19595023453
5559215577
24551840939
27532040396
27931647364
28772609055
41250749035
21789283386
29777714046
29755919226
27607308148
27754777331
28228400007
47200660033
23415882425
24291742523
51702867483
22017965156
29169191329
40153755379
24472285647
22138455478
7851459471
26682713084
22882414501
28430004696
27957126041
4352651443
24232144965
28291434898
27451702177
16472210823
26654668216
29101668096
40757760965
25783252980
27432515328
20232479646
25488895188
29543618686
26083466241
24903125765
27906699561
24313931442
45950094394
18059127011
19240225608
19342385770
7835489027
24327309795
21533810170
28556682635
28307534517
18494026437
26634528109
11991689038
25641995963
18861161273
26730040969
29882510440
20674350402
17429759512
24832940424
26253237371
24321368958
27428492277
26102997544
24233585985
16396444281
29532986407
4750699403
15583508159
26526049221
8073930901
40961575842
28116496617
25812312072
24464295981
7546130935
23522477450
21992272405
41655817134
28316973056
22044999559
24123756855
27580786558
25713917151
29378724303
23365823306
18587339046
43659293226
26370123673
14995820658
6767242819
26116497940
25038130052
24142317780
10589610761
16387260006
22448864566
3785952454
43905146196
24988816054
28604335217
16271641275
25382017618
28806868986
27218858291
18491348045
25478555458
26261982187
42901796156
25770658056
41359999229
27927733406
41701399090
25769257415
1867293688
26876183235
27475832524
25019295485
26382990635
42118016303
22417568339
41655580888
24482681938
27832515957
20585136337
23554545893
44100035741
28403374038
23439831000
18059086873
7578431882
23275946291
10946816382
9366373677
21964097333
19091325661
17699159555
21001732437
43760991689
26288089781
22842261288
44170564543
7901762275
25432214222
24128952417
26683790157
40950700556
23397003362
26335946674
41202168589
17896521331
22575916479
28360992905
2864417563
1022249517
4251508426
21111627562
29275832734
25851003551
24543645832
4961013500
40723239515
18284848416
19857757966
22960155614
24174888626
26680129697
6493920616
28876168659
24785761564
29554793251
1867293698
41556827664
26621690776
27225827538
29319281551
14681543182
14046252556
41402168639
28375094281
437940446
25757554533
29826181729
26280088057
17494456452
41501447290
18383906093
40774038476
41201423004
6208740871
17665872094
26916753150
23454437584
1867293694
2281336147
26378274150
40903450582
40724263279
1597134217
42601768145
24143484083
57802129837
29555050918
26770533066
19589264757
6017073209
41850280141
27183919884
26461158816
41102203950
27791415248
44004194995
16495538026
44162805979
40158439872
40006222856
25915881120
53100076777
1476650318
41302515562
26981869629
24311493570
28863460740
23572769778
41051520388
18595761747
1759171698
41365766962
3665808158
29707010176
29404763126
43113932932
15491512627
22248431375
42822210086
1977415188
15324364579
27768142870
13681263255
44224638008
27827185715
528815476
26306658189
24242322677
44467644115
27138425718
40376767086
28583640267
25197491515
41400048187
12319932011
44372641361
42323932518
25235864576
27877212726
40554371288
50004128494
26238547704
28202580288
25080081464
1147474136
13622158377
24386369882
26826444476
28632047106
29952194020
40156477049
27192907463
25725904425
40675260169
27542159223
24640281250
46551095333
46050558290
26616505144
14708092346
22964628459
41413919227
3572933999
44157511112
27028738188
42925996370
49300879159
27166712450
29683925414
45902777152
27850178090
6439091330
1977415134
25583382716
25929207581
29668697232
28211831058
18959085045
42551072652
1025891401
25961646065
42376928921
51802976745
25964793989
56001297844
40958540221
16189832262
24617690420
19357672458
5838147225
19012056461
40055251180
